0.82275390625 0.833984375 0.0224609375 0.04296875
0.5703125 0.53857421875 0.18359375 0.0498046875
0.55615234375 0.57763671875 0.1552734375 0.0283203125
0.5966796875 0.04150390625 0.044921875 0.0458984375
0.08935546875 0.208984375 0.1123046875 0.025390625
0.89892578125 0.2900390625 0.0185546875 0.03515625
0.888671875 0.04638671875 0.025390625 0.0888671875
0.916015625 0.29052734375 0.01953125 0.0361328125
0.935546875 0.2919921875 0.015625 0.03515625
0.8681640625 0.30419921875 0.037109375 0.0185546875
0.6689453125 0.025390625 0.115234375 0.05078125
0.12255859375 0.2626953125 0.1826171875 0.03125
0.830078125 0.84521484375 0.01953125 0.0322265625
0.5732421875 0.326171875 0.181640625 0.029296875
0.23876953125 0.59912109375 0.1904296875 0.0322265625	
0.8623046875 0.3984375 0.037109375 0.015625
0.92578125 0.841796875 0.01953125 0.0390625
0.10595703125 0.486328125 0.1669921875 0.02734375
0.2861328125 0.24169921875 0.177734375 0.0283203125
0.2568359375 0.576171875 0.203125 0.03125
0.109375 0.4580078125 0.1640625 0.02734375
0.05126953125 0.591796875 0.0693359375 0.0234375
0.10595703125 0.53955078125 0.1787109375 0.0283203125
0.9150390625 0.044921875 0.029296875 0.0859375
0.5771484375 0.3828125 0.166015625 0.02734375
0.57421875 0.63671875 0.169921875 0.03125
0.86083984375 0.3759765625 0.0380859375 0.017578125
0.5751953125 0.466796875 0.173828125 0.025390625
0.28759765625 0.26953125 0.1748046875 0.029296875
0.10400390625 0.51025390625 0.1748046875 0.0283203125	
0.88037109375 0.7099609375 0.0166015625 0.033203125
0.5751953125 0.4384765625 0.169921875 0.029296875
0.576171875 0.697265625 0.1484375 0.02734375
0.5595703125 0.6630859375 0.1953125 0.03125
0.580078125 0.40966796875 0.1640625 0.0283203125
0.1201171875 0.28955078125 0.177734375 0.0341796875
0.28125 0.32177734375 0.1640625 0.0302734375
0.85791015625 0.708984375 0.0166015625 0.03515625
0.8681640625 0.26513671875 0.037109375 0.0166015625
0.5810546875 0.30029296875 0.177734375 0.0302734375
0.564453125 0.5517578125 0.1640625 0.02734375
0.13232421875 0.23828125 0.1767578125 0.02734375
0.8798828125 0.83984375 0.021484375 0.04296875
0.27734375 0.21044921875 0.17578125 0.0283203125
0.857421875 0.83642578125 0.021484375 0.0400390625
0.28759765625 0.37890625 0.1650390625 0.029296875
0.119140625 0.3447265625 0.1640625 0.029296875
0.92724609375 0.9794921875 0.0185546875 0.037109375
0.5849609375 0.24072265625 0.173828125 0.0302734375
0.576171875 0.4931640625 0.16796875 0.029296875
0.8916015625 0.97265625 0.021484375 0.0390625
0.1181640625 0.37353515625 0.169921875 0.0263671875
0.58984375 0.21337890625 0.17578125 0.0322265625
0.583984375 0.27099609375 0.173828125 0.0263671875
0.11376953125 0.427734375 0.1689453125 0.02734375
0.28271484375 0.34814453125 0.1650390625 0.0302734375
0.103515625 0.5673828125 0.171875 0.029296875
0.572265625 0.51953125 0.16796875 0.029296875
0.29150390625 0.43603515625 0.1767578125 0.0322265625
0.27783203125 0.51904296875 0.1728515625 0.0302734375
0.28076171875 0.4892578125 0.1728515625 0.029296875
0.1171875 0.4013671875 0.169921875 0.025390625
0.6494140625 0.0576171875 0.126953125 0.11328125
0.619140625 0.107421875 0.140625 0.126953125
0.4287109375 0.427734375 0.119140625 0.15234375